2021/06/03-07:42:46.606583 7fef76c9d1c0 RocksDB version: 6.12.7
2021/06/03-07:42:46.606619 7fef76c9d1c0 Git sha rocksdb_build_git_sha:@0@
2021/06/03-07:42:46.606620 7fef76c9d1c0 Compile date Jan  1 1980
2021/06/03-07:42:46.606654 7fef76c9d1c0 DB SUMMARY
2021/06/03-07:42:46.606656 7fef76c9d1c0 DB Session ID:  Y7BGVSI2J115MM7OCYKI
2021/06/03-07:42:46.606668 7fef76c9d1c0 SST files in /home/aiv55/ICWorkspace/contact-form-demo/.dfx/state/replicated_state/node-100/ic_consensus_pool/certification dir, Total Num: 0, files: 
2021/06/03-07:42:46.606669 7fef76c9d1c0 Write Ahead Log file in /home/aiv55/ICWorkspace/contact-form-demo/.dfx/state/replicated_state/node-100/ic_consensus_pool/certification: 
2021/06/03-07:42:46.606671 7fef76c9d1c0                         Options.error_if_exists: 0
2021/06/03-07:42:46.606672 7fef76c9d1c0                       Options.create_if_missing: 1
2021/06/03-07:42:46.606673 7fef76c9d1c0                         Options.paranoid_checks: 1
2021/06/03-07:42:46.606674 7fef76c9d1c0                                     Options.env: 0x55826e70dba0
2021/06/03-07:42:46.606676 7fef76c9d1c0                                      Options.fs: Posix File System
2021/06/03-07:42:46.606677 7fef76c9d1c0                                Options.info_log: 0x7fef6af71980
2021/06/03-07:42:46.606678 7fef76c9d1c0                Options.max_file_opening_threads: 16
2021/06/03-07:42:46.606679 7fef76c9d1c0                              Options.statistics: (nil)
2021/06/03-07:42:46.606680 7fef76c9d1c0                               Options.use_fsync: 1
2021/06/03-07:42:46.606681 7fef76c9d1c0                       Options.max_log_file_size: 0
2021/06/03-07:42:46.606682 7fef76c9d1c0                  Options.max_manifest_file_size: 1073741824
2021/06/03-07:42:46.606683 7fef76c9d1c0                   Options.log_file_time_to_roll: 0
2021/06/03-07:42:46.606684 7fef76c9d1c0                       Options.keep_log_file_num: 1000
2021/06/03-07:42:46.606685 7fef76c9d1c0                    Options.recycle_log_file_num: 0
2021/06/03-07:42:46.606686 7fef76c9d1c0                         Options.allow_fallocate: 1
2021/06/03-07:42:46.606687 7fef76c9d1c0                        Options.allow_mmap_reads: 0
2021/06/03-07:42:46.606687 7fef76c9d1c0                       Options.allow_mmap_writes: 0
2021/06/03-07:42:46.606688 7fef76c9d1c0                        Options.use_direct_reads: 0
2021/06/03-07:42:46.606689 7fef76c9d1c0                        Options.use_direct_io_for_flush_and_compaction: 0
2021/06/03-07:42:46.606690 7fef76c9d1c0          Options.create_missing_column_families: 1
2021/06/03-07:42:46.606691 7fef76c9d1c0                              Options.db_log_dir: 
2021/06/03-07:42:46.606692 7fef76c9d1c0                                 Options.wal_dir: /home/aiv55/ICWorkspace/contact-form-demo/.dfx/state/replicated_state/node-100/ic_consensus_pool/certification
2021/06/03-07:42:46.606693 7fef76c9d1c0                Options.table_cache_numshardbits: 6
2021/06/03-07:42:46.606693 7fef76c9d1c0                         Options.WAL_ttl_seconds: 0
2021/06/03-07:42:46.606694 7fef76c9d1c0                       Options.WAL_size_limit_MB: 0
2021/06/03-07:42:46.606695 7fef76c9d1c0                        Options.max_write_batch_group_size_bytes: 1048576
2021/06/03-07:42:46.606696 7fef76c9d1c0             Options.manifest_preallocation_size: 4194304
2021/06/03-07:42:46.606697 7fef76c9d1c0                     Options.is_fd_close_on_exec: 1
2021/06/03-07:42:46.606698 7fef76c9d1c0                   Options.advise_random_on_open: 1
2021/06/03-07:42:46.606699 7fef76c9d1c0                    Options.db_write_buffer_size: 0
2021/06/03-07:42:46.606700 7fef76c9d1c0                    Options.write_buffer_manager: 0x7fef7498e430
2021/06/03-07:42:46.606701 7fef76c9d1c0         Options.access_hint_on_compaction_start: 1
2021/06/03-07:42:46.606701 7fef76c9d1c0  Options.new_table_reader_for_compaction_inputs: 0
2021/06/03-07:42:46.606702 7fef76c9d1c0           Options.random_access_max_buffer_size: 1048576
2021/06/03-07:42:46.606703 7fef76c9d1c0                      Options.use_adaptive_mutex: 0
2021/06/03-07:42:46.606704 7fef76c9d1c0                            Options.rate_limiter: (nil)
2021/06/03-07:42:46.606711 7fef76c9d1c0     Options.sst_file_manager.rate_bytes_per_sec: 0
2021/06/03-07:42:46.606713 7fef76c9d1c0                       Options.wal_recovery_mode: 2
2021/06/03-07:42:46.606713 7fef76c9d1c0                  Options.enable_thread_tracking: 0
2021/06/03-07:42:46.606714 7fef76c9d1c0                  Options.enable_pipelined_write: 0
2021/06/03-07:42:46.606715 7fef76c9d1c0                  Options.unordered_write: 0
2021/06/03-07:42:46.606716 7fef76c9d1c0         Options.allow_concurrent_memtable_write: 1
2021/06/03-07:42:46.606717 7fef76c9d1c0      Options.enable_write_thread_adaptive_yield: 1
2021/06/03-07:42:46.606718 7fef76c9d1c0             Options.write_thread_max_yield_usec: 100
2021/06/03-07:42:46.606719 7fef76c9d1c0            Options.write_thread_slow_yield_usec: 3
2021/06/03-07:42:46.606719 7fef76c9d1c0                               Options.row_cache: None
2021/06/03-07:42:46.606720 7fef76c9d1c0                              Options.wal_filter: None
2021/06/03-07:42:46.606721 7fef76c9d1c0             Options.avoid_flush_during_recovery: 0
2021/06/03-07:42:46.606722 7fef76c9d1c0             Options.allow_ingest_behind: 0
2021/06/03-07:42:46.606723 7fef76c9d1c0             Options.preserve_deletes: 0
2021/06/03-07:42:46.606724 7fef76c9d1c0             Options.two_write_queues: 0
2021/06/03-07:42:46.606725 7fef76c9d1c0             Options.manual_wal_flush: 0
2021/06/03-07:42:46.606726 7fef76c9d1c0             Options.atomic_flush: 0
2021/06/03-07:42:46.606727 7fef76c9d1c0             Options.avoid_unnecessary_blocking_io: 0
2021/06/03-07:42:46.606727 7fef76c9d1c0                 Options.persist_stats_to_disk: 0
2021/06/03-07:42:46.606728 7fef76c9d1c0                 Options.write_dbid_to_manifest: 0
2021/06/03-07:42:46.606729 7fef76c9d1c0                 Options.log_readahead_size: 0
2021/06/03-07:42:46.606730 7fef76c9d1c0                 Options.file_checksum_gen_factory: Unknown
2021/06/03-07:42:46.606731 7fef76c9d1c0                 Options.best_efforts_recovery: 0
2021/06/03-07:42:46.606732 7fef76c9d1c0                Options.max_bgerror_resume_count: 2147483647
2021/06/03-07:42:46.606733 7fef76c9d1c0            Options.bgerror_resume_retry_interval: 1000000
2021/06/03-07:42:46.606734 7fef76c9d1c0             Options.max_background_jobs: 2
2021/06/03-07:42:46.606734 7fef76c9d1c0             Options.max_background_compactions: -1
2021/06/03-07:42:46.606735 7fef76c9d1c0             Options.max_subcompactions: 1
2021/06/03-07:42:46.606736 7fef76c9d1c0             Options.avoid_flush_during_shutdown: 0
2021/06/03-07:42:46.606737 7fef76c9d1c0           Options.writable_file_max_buffer_size: 1048576
2021/06/03-07:42:46.606738 7fef76c9d1c0             Options.delayed_write_rate : 16777216
2021/06/03-07:42:46.606739 7fef76c9d1c0             Options.max_total_wal_size: 0
2021/06/03-07:42:46.606740 7fef76c9d1c0             Options.delete_obsolete_files_period_micros: 21600000000
2021/06/03-07:42:46.606741 7fef76c9d1c0                   Options.stats_dump_period_sec: 600
2021/06/03-07:42:46.606742 7fef76c9d1c0                 Options.stats_persist_period_sec: 600
2021/06/03-07:42:46.606743 7fef76c9d1c0                 Options.stats_history_buffer_size: 1048576
2021/06/03-07:42:46.606744 7fef76c9d1c0                          Options.max_open_files: -1
2021/06/03-07:42:46.606745 7fef76c9d1c0                          Options.bytes_per_sync: 0
2021/06/03-07:42:46.606745 7fef76c9d1c0                      Options.wal_bytes_per_sync: 0
2021/06/03-07:42:46.606746 7fef76c9d1c0                   Options.strict_bytes_per_sync: 0
2021/06/03-07:42:46.606747 7fef76c9d1c0       Options.compaction_readahead_size: 0
2021/06/03-07:42:46.606748 7fef76c9d1c0                  Options.max_background_flushes: -1
2021/06/03-07:42:46.606749 7fef76c9d1c0 Compression algorithms supported:
2021/06/03-07:42:46.606750 7fef76c9d1c0 	kZSTDNotFinalCompression supported: 1
2021/06/03-07:42:46.606751 7fef76c9d1c0 	kZSTD supported: 1
2021/06/03-07:42:46.606752 7fef76c9d1c0 	kXpressCompression supported: 0
2021/06/03-07:42:46.606757 7fef76c9d1c0 	kLZ4HCCompression supported: 1
2021/06/03-07:42:46.606758 7fef76c9d1c0 	kLZ4Compression supported: 1
2021/06/03-07:42:46.606759 7fef76c9d1c0 	kBZip2Compression supported: 1
2021/06/03-07:42:46.606760 7fef76c9d1c0 	kZlibCompression supported: 1
2021/06/03-07:42:46.606761 7fef76c9d1c0 	kSnappyCompression supported: 1
2021/06/03-07:42:46.606767 7fef76c9d1c0 Fast CRC32 supported: Supported on x86
2021/06/03-07:42:46.611742 7fef76c9d1c0 [db/db_impl/db_impl_open.cc:271] Creating manifest 1 
2021/06/03-07:42:46.625089 7fef76c9d1c0 [db/version_set.cc:4559] Recovering from manifest file: /home/aiv55/ICWorkspace/contact-form-demo/.dfx/state/replicated_state/node-100/ic_consensus_pool/certification/MANIFEST-000001
2021/06/03-07:42:46.625188 7fef76c9d1c0 [db/column_family.cc:578] --------------- Options for column family [default]:
2021/06/03-07:42:46.625191 7fef76c9d1c0               Options.comparator: leveldb.BytewiseComparator
2021/06/03-07:42:46.625192 7fef76c9d1c0           Options.merge_operator: None
2021/06/03-07:42:46.625193 7fef76c9d1c0        Options.compaction_filter: None
2021/06/03-07:42:46.625195 7fef76c9d1c0        Options.compaction_filter_factory: None
2021/06/03-07:42:46.625196 7fef76c9d1c0  Options.sst_partitioner_factory: None
2021/06/03-07:42:46.625197 7fef76c9d1c0         Options.memtable_factory: SkipListFactory
2021/06/03-07:42:46.625198 7fef76c9d1c0            Options.table_factory: BlockBasedTable
2021/06/03-07:42:46.625225 7fef76c9d1c0            table_factory options:   flush_block_policy_factory: FlushBlockBySizePolicyFactory (0x7fef6aef9b28)
  cache_index_and_filter_blocks: 0
  cache_index_and_filter_blocks_with_high_priority: 1
  pin_l0_filter_and_index_blocks_in_cache: 0
  pin_top_level_index_and_filter: 1
  index_type: 0
  data_block_index_type: 0
  index_shortening: 1
  data_block_hash_table_util_ratio: 0.750000
  hash_index_allow_collision: 1
  checksum: 1
  no_block_cache: 0
  block_cache: 0x7fef76832810
  block_cache_name: LRUCache
  block_cache_options:
    capacity : 8388608
    num_shard_bits : 4
    strict_capacity_limit : 0
    memory_allocator : None
    high_pri_pool_ratio: 0.000
  block_cache_compressed: (nil)
  persistent_cache: (nil)
  block_size: 4096
  block_size_deviation: 10
  block_restart_interval: 16
  index_block_restart_interval: 1
  metadata_block_size: 4096
  partition_filters: 0
  use_delta_encoding: 1
  filter_policy: nullptr
  whole_key_filtering: 1
  verify_compression: 0
  read_amp_bytes_per_bit: 0
  format_version: 4
  enable_index_compression: 1
  block_align: 0
2021/06/03-07:42:46.625228 7fef76c9d1c0        Options.write_buffer_size: 67108864
2021/06/03-07:42:46.625230 7fef76c9d1c0  Options.max_write_buffer_number: 2
2021/06/03-07:42:46.625231 7fef76c9d1c0          Options.compression: Snappy
2021/06/03-07:42:46.625232 7fef76c9d1c0                  Options.bottommost_compression: Disabled
2021/06/03-07:42:46.625234 7fef76c9d1c0       Options.prefix_extractor: nullptr
2021/06/03-07:42:46.625235 7fef76c9d1c0   Options.memtable_insert_with_hint_prefix_extractor: nullptr
2021/06/03-07:42:46.625236 7fef76c9d1c0             Options.num_levels: 7
2021/06/03-07:42:46.625237 7fef76c9d1c0        Options.min_write_buffer_number_to_merge: 1
2021/06/03-07:42:46.625238 7fef76c9d1c0     Options.max_write_buffer_number_to_maintain: 0
2021/06/03-07:42:46.625239 7fef76c9d1c0     Options.max_write_buffer_size_to_maintain: 0
2021/06/03-07:42:46.625240 7fef76c9d1c0            Options.bottommost_compression_opts.window_bits: -14
2021/06/03-07:42:46.625241 7fef76c9d1c0                  Options.bottommost_compression_opts.level: 32767
2021/06/03-07:42:46.625242 7fef76c9d1c0               Options.bottommost_compression_opts.strategy: 0
2021/06/03-07:42:46.625243 7fef76c9d1c0         Options.bottommost_compression_opts.max_dict_bytes: 0
2021/06/03-07:42:46.625245 7fef76c9d1c0         Options.bottommost_compression_opts.zstd_max_train_bytes: 0
2021/06/03-07:42:46.625246 7fef76c9d1c0         Options.bottommost_compression_opts.parallel_threads: 1
2021/06/03-07:42:46.625266 7fef76c9d1c0                  Options.bottommost_compression_opts.enabled: false
2021/06/03-07:42:46.625267 7fef76c9d1c0            Options.compression_opts.window_bits: -14
2021/06/03-07:42:46.625268 7fef76c9d1c0                  Options.compression_opts.level: 32767
2021/06/03-07:42:46.625270 7fef76c9d1c0               Options.compression_opts.strategy: 0
2021/06/03-07:42:46.625271 7fef76c9d1c0         Options.compression_opts.max_dict_bytes: 0
2021/06/03-07:42:46.625272 7fef76c9d1c0         Options.compression_opts.zstd_max_train_bytes: 0
2021/06/03-07:42:46.625273 7fef76c9d1c0         Options.compression_opts.parallel_threads: 1
2021/06/03-07:42:46.625274 7fef76c9d1c0                  Options.compression_opts.enabled: false
2021/06/03-07:42:46.625275 7fef76c9d1c0      Options.level0_file_num_compaction_trigger: 4
2021/06/03-07:42:46.625276 7fef76c9d1c0          Options.level0_slowdown_writes_trigger: 20
2021/06/03-07:42:46.625277 7fef76c9d1c0              Options.level0_stop_writes_trigger: 36
2021/06/03-07:42:46.625278 7fef76c9d1c0                   Options.target_file_size_base: 67108864
2021/06/03-07:42:46.625279 7fef76c9d1c0             Options.target_file_size_multiplier: 1
2021/06/03-07:42:46.625280 7fef76c9d1c0                Options.max_bytes_for_level_base: 268435456
2021/06/03-07:42:46.625281 7fef76c9d1c0 Options.level_compaction_dynamic_level_bytes: 0
2021/06/03-07:42:46.625282 7fef76c9d1c0          Options.max_bytes_for_level_multiplier: 10.000000
2021/06/03-07:42:46.625284 7fef76c9d1c0 Options.max_bytes_for_level_multiplier_addtl[0]: 1
2021/06/03-07:42:46.625285 7fef76c9d1c0 Options.max_bytes_for_level_multiplier_addtl[1]: 1
2021/06/03-07:42:46.625286 7fef76c9d1c0 Options.max_bytes_for_level_multiplier_addtl[2]: 1
2021/06/03-07:42:46.625287 7fef76c9d1c0 Options.max_bytes_for_level_multiplier_addtl[3]: 1
2021/06/03-07:42:46.625288 7fef76c9d1c0 Options.max_bytes_for_level_multiplier_addtl[4]: 1
2021/06/03-07:42:46.625289 7fef76c9d1c0 Options.max_bytes_for_level_multiplier_addtl[5]: 1
2021/06/03-07:42:46.625290 7fef76c9d1c0 Options.max_bytes_for_level_multiplier_addtl[6]: 1
2021/06/03-07:42:46.625291 7fef76c9d1c0       Options.max_sequential_skip_in_iterations: 8
2021/06/03-07:42:46.625292 7fef76c9d1c0                    Options.max_compaction_bytes: 1677721600
2021/06/03-07:42:46.625293 7fef76c9d1c0                        Options.arena_block_size: 8388608
2021/06/03-07:42:46.625294 7fef76c9d1c0   Options.soft_pending_compaction_bytes_limit: 68719476736
2021/06/03-07:42:46.625296 7fef76c9d1c0   Options.hard_pending_compaction_bytes_limit: 274877906944
2021/06/03-07:42:46.625297 7fef76c9d1c0       Options.rate_limit_delay_max_milliseconds: 100
2021/06/03-07:42:46.625298 7fef76c9d1c0                Options.disable_auto_compactions: 0
2021/06/03-07:42:46.625299 7fef76c9d1c0                        Options.compaction_style: kCompactionStyleLevel
2021/06/03-07:42:46.625301 7fef76c9d1c0                          Options.compaction_pri: kMinOverlappingRatio
2021/06/03-07:42:46.625302 7fef76c9d1c0 Options.compaction_options_universal.size_ratio: 1
2021/06/03-07:42:46.625303 7fef76c9d1c0 Options.compaction_options_universal.min_merge_width: 2
2021/06/03-07:42:46.625304 7fef76c9d1c0 Options.compaction_options_universal.max_merge_width: 4294967295
2021/06/03-07:42:46.625305 7fef76c9d1c0 Options.compaction_options_universal.max_size_amplification_percent: 200
2021/06/03-07:42:46.625306 7fef76c9d1c0 Options.compaction_options_universal.compression_size_percent: -1
2021/06/03-07:42:46.625307 7fef76c9d1c0 Options.compaction_options_universal.stop_style: kCompactionStopStyleTotalSize
2021/06/03-07:42:46.625308 7fef76c9d1c0 Options.compaction_options_fifo.max_table_files_size: 1073741824
2021/06/03-07:42:46.625309 7fef76c9d1c0 Options.compaction_options_fifo.allow_compaction: 0
2021/06/03-07:42:46.625314 7fef76c9d1c0                   Options.table_properties_collectors: 
2021/06/03-07:42:46.625315 7fef76c9d1c0                   Options.inplace_update_support: 0
2021/06/03-07:42:46.625317 7fef76c9d1c0                 Options.inplace_update_num_locks: 10000
2021/06/03-07:42:46.625322 7fef76c9d1c0               Options.memtable_prefix_bloom_size_ratio: 0.000000
2021/06/03-07:42:46.625323 7fef76c9d1c0               Options.memtable_whole_key_filtering: 0
2021/06/03-07:42:46.625324 7fef76c9d1c0   Options.memtable_huge_page_size: 0
2021/06/03-07:42:46.625325 7fef76c9d1c0                           Options.bloom_locality: 0
2021/06/03-07:42:46.625326 7fef76c9d1c0                    Options.max_successive_merges: 0
2021/06/03-07:42:46.625327 7fef76c9d1c0                Options.optimize_filters_for_hits: 0
2021/06/03-07:42:46.625328 7fef76c9d1c0                Options.paranoid_file_checks: 0
2021/06/03-07:42:46.625329 7fef76c9d1c0                Options.force_consistency_checks: 0
2021/06/03-07:42:46.625353 7fef76c9d1c0                Options.report_bg_io_stats: 0
2021/06/03-07:42:46.625355 7fef76c9d1c0                               Options.ttl: 2592000
2021/06/03-07:42:46.625357 7fef76c9d1c0          Options.periodic_compaction_seconds: 0
2021/06/03-07:42:46.629875 7fef76c9d1c0 [db/version_set.cc:4708] Recovered from manifest file:/home/aiv55/ICWorkspace/contact-form-demo/.dfx/state/replicated_state/node-100/ic_consensus_pool/certification/MANIFEST-000001 succeeded,manifest_file_number is 1, next_file_number is 3, last_sequence is 0, log_number is 0,prev_log_number is 0,max_column_family is 0,min_log_number_to_keep is 0
2021/06/03-07:42:46.629906 7fef76c9d1c0 [db/version_set.cc:4724] Column family [default] (ID 0), log number is 0
2021/06/03-07:42:46.631920 7fef76c9d1c0 [db/version_set.cc:3949] Creating manifest 4
2021/06/03-07:42:46.643801 7fef76c9d1c0 [db/column_family.cc:578] --------------- Options for column family [CE]:
2021/06/03-07:42:46.643807 7fef76c9d1c0               Options.comparator: leveldb.BytewiseComparator
2021/06/03-07:42:46.643809 7fef76c9d1c0           Options.merge_operator: None
2021/06/03-07:42:46.643812 7fef76c9d1c0        Options.compaction_filter: filter_outdated
2021/06/03-07:42:46.643814 7fef76c9d1c0        Options.compaction_filter_factory: None
2021/06/03-07:42:46.643815 7fef76c9d1c0  Options.sst_partitioner_factory: None
2021/06/03-07:42:46.643817 7fef76c9d1c0         Options.memtable_factory: SkipListFactory
2021/06/03-07:42:46.643818 7fef76c9d1c0            Options.table_factory: BlockBasedTable
2021/06/03-07:42:46.643851 7fef76c9d1c0            table_factory options:   flush_block_policy_factory: FlushBlockBySizePolicyFactory (0x7fef6aef9af0)
  cache_index_and_filter_blocks: 0
  cache_index_and_filter_blocks_with_high_priority: 1
  pin_l0_filter_and_index_blocks_in_cache: 0
  pin_top_level_index_and_filter: 1
  index_type: 0
  data_block_index_type: 0
  index_shortening: 1
  data_block_hash_table_util_ratio: 0.750000
  hash_index_allow_collision: 1
  checksum: 1
  no_block_cache: 0
  block_cache: 0x7fef6af43e10
  block_cache_name: LRUCache
  block_cache_options:
    capacity : 8388608
    num_shard_bits : 4
    strict_capacity_limit : 0
    memory_allocator : None
    high_pri_pool_ratio: 0.000
  block_cache_compressed: (nil)
  persistent_cache: (nil)
  block_size: 4096
  block_size_deviation: 10
  block_restart_interval: 16
  index_block_restart_interval: 1
  metadata_block_size: 4096
  partition_filters: 0
  use_delta_encoding: 1
  filter_policy: nullptr
  whole_key_filtering: 1
  verify_compression: 0
  read_amp_bytes_per_bit: 0
  format_version: 4
  enable_index_compression: 1
  block_align: 0
2021/06/03-07:42:46.643866 7fef76c9d1c0        Options.write_buffer_size: 67108864
2021/06/03-07:42:46.643868 7fef76c9d1c0  Options.max_write_buffer_number: 2
2021/06/03-07:42:46.643871 7fef76c9d1c0          Options.compression: NoCompression
2021/06/03-07:42:46.643873 7fef76c9d1c0                  Options.bottommost_compression: Disabled
2021/06/03-07:42:46.643875 7fef76c9d1c0       Options.prefix_extractor: nullptr
2021/06/03-07:42:46.643876 7fef76c9d1c0   Options.memtable_insert_with_hint_prefix_extractor: nullptr
2021/06/03-07:42:46.643877 7fef76c9d1c0             Options.num_levels: 7
2021/06/03-07:42:46.643879 7fef76c9d1c0        Options.min_write_buffer_number_to_merge: 1
2021/06/03-07:42:46.643880 7fef76c9d1c0     Options.max_write_buffer_number_to_maintain: 0
2021/06/03-07:42:46.643881 7fef76c9d1c0     Options.max_write_buffer_size_to_maintain: 0
2021/06/03-07:42:46.643883 7fef76c9d1c0            Options.bottommost_compression_opts.window_bits: -14
2021/06/03-07:42:46.643884 7fef76c9d1c0                  Options.bottommost_compression_opts.level: 32767
2021/06/03-07:42:46.643886 7fef76c9d1c0               Options.bottommost_compression_opts.strategy: 0
2021/06/03-07:42:46.643887 7fef76c9d1c0         Options.bottommost_compression_opts.max_dict_bytes: 0
2021/06/03-07:42:46.643888 7fef76c9d1c0         Options.bottommost_compression_opts.zstd_max_train_bytes: 0
2021/06/03-07:42:46.643889 7fef76c9d1c0         Options.bottommost_compression_opts.parallel_threads: 1
2021/06/03-07:42:46.643890 7fef76c9d1c0                  Options.bottommost_compression_opts.enabled: false
2021/06/03-07:42:46.643892 7fef76c9d1c0            Options.compression_opts.window_bits: -14
2021/06/03-07:42:46.643893 7fef76c9d1c0                  Options.compression_opts.level: 32767
2021/06/03-07:42:46.643894 7fef76c9d1c0               Options.compression_opts.strategy: 0
2021/06/03-07:42:46.643895 7fef76c9d1c0         Options.compression_opts.max_dict_bytes: 0
2021/06/03-07:42:46.643897 7fef76c9d1c0         Options.compression_opts.zstd_max_train_bytes: 0
2021/06/03-07:42:46.643898 7fef76c9d1c0         Options.compression_opts.parallel_threads: 1
2021/06/03-07:42:46.643899 7fef76c9d1c0                  Options.compression_opts.enabled: false
2021/06/03-07:42:46.643913 7fef76c9d1c0      Options.level0_file_num_compaction_trigger: 4
2021/06/03-07:42:46.643915 7fef76c9d1c0          Options.level0_slowdown_writes_trigger: 20
2021/06/03-07:42:46.643916 7fef76c9d1c0              Options.level0_stop_writes_trigger: 36
2021/06/03-07:42:46.643917 7fef76c9d1c0                   Options.target_file_size_base: 67108864
2021/06/03-07:42:46.643919 7fef76c9d1c0             Options.target_file_size_multiplier: 1
2021/06/03-07:42:46.643921 7fef76c9d1c0                Options.max_bytes_for_level_base: 268435456
2021/06/03-07:42:46.643923 7fef76c9d1c0 Options.level_compaction_dynamic_level_bytes: 0
2021/06/03-07:42:46.643924 7fef76c9d1c0          Options.max_bytes_for_level_multiplier: 10.000000
2021/06/03-07:42:46.643927 7fef76c9d1c0 Options.max_bytes_for_level_multiplier_addtl[0]: 1
2021/06/03-07:42:46.643929 7fef76c9d1c0 Options.max_bytes_for_level_multiplier_addtl[1]: 1
2021/06/03-07:42:46.643930 7fef76c9d1c0 Options.max_bytes_for_level_multiplier_addtl[2]: 1
2021/06/03-07:42:46.643932 7fef76c9d1c0 Options.max_bytes_for_level_multiplier_addtl[3]: 1
2021/06/03-07:42:46.643933 7fef76c9d1c0 Options.max_bytes_for_level_multiplier_addtl[4]: 1
2021/06/03-07:42:46.643934 7fef76c9d1c0 Options.max_bytes_for_level_multiplier_addtl[5]: 1
2021/06/03-07:42:46.643935 7fef76c9d1c0 Options.max_bytes_for_level_multiplier_addtl[6]: 1
2021/06/03-07:42:46.643937 7fef76c9d1c0       Options.max_sequential_skip_in_iterations: 8
2021/06/03-07:42:46.643938 7fef76c9d1c0                    Options.max_compaction_bytes: 1677721600
2021/06/03-07:42:46.643939 7fef76c9d1c0                        Options.arena_block_size: 8388608
2021/06/03-07:42:46.643940 7fef76c9d1c0   Options.soft_pending_compaction_bytes_limit: 68719476736
2021/06/03-07:42:46.643942 7fef76c9d1c0   Options.hard_pending_compaction_bytes_limit: 274877906944
2021/06/03-07:42:46.643943 7fef76c9d1c0       Options.rate_limit_delay_max_milliseconds: 100
2021/06/03-07:42:46.643945 7fef76c9d1c0                Options.disable_auto_compactions: 1
2021/06/03-07:42:46.643947 7fef76c9d1c0                        Options.compaction_style: kCompactionStyleLevel
2021/06/03-07:42:46.643948 7fef76c9d1c0                          Options.compaction_pri: kMinOverlappingRatio
2021/06/03-07:42:46.643950 7fef76c9d1c0 Options.compaction_options_universal.size_ratio: 1
2021/06/03-07:42:46.643951 7fef76c9d1c0 Options.compaction_options_universal.min_merge_width: 2
2021/06/03-07:42:46.643952 7fef76c9d1c0 Options.compaction_options_universal.max_merge_width: 4294967295
2021/06/03-07:42:46.643954 7fef76c9d1c0 Options.compaction_options_universal.max_size_amplification_percent: 200
2021/06/03-07:42:46.643955 7fef76c9d1c0 Options.compaction_options_universal.compression_size_percent: -1
2021/06/03-07:42:46.643956 7fef76c9d1c0 Options.compaction_options_universal.stop_style: kCompactionStopStyleTotalSize
2021/06/03-07:42:46.643957 7fef76c9d1c0 Options.compaction_options_fifo.max_table_files_size: 1073741824
2021/06/03-07:42:46.643959 7fef76c9d1c0 Options.compaction_options_fifo.allow_compaction: 0
2021/06/03-07:42:46.643965 7fef76c9d1c0                   Options.table_properties_collectors: 
2021/06/03-07:42:46.643967 7fef76c9d1c0                   Options.inplace_update_support: 0
2021/06/03-07:42:46.643968 7fef76c9d1c0                 Options.inplace_update_num_locks: 10000
2021/06/03-07:42:46.643969 7fef76c9d1c0               Options.memtable_prefix_bloom_size_ratio: 0.000000
2021/06/03-07:42:46.643971 7fef76c9d1c0               Options.memtable_whole_key_filtering: 0
2021/06/03-07:42:46.643972 7fef76c9d1c0   Options.memtable_huge_page_size: 0
2021/06/03-07:42:46.643973 7fef76c9d1c0                           Options.bloom_locality: 0
2021/06/03-07:42:46.643974 7fef76c9d1c0                    Options.max_successive_merges: 0
2021/06/03-07:42:46.643976 7fef76c9d1c0                Options.optimize_filters_for_hits: 0
2021/06/03-07:42:46.643977 7fef76c9d1c0                Options.paranoid_file_checks: 0
2021/06/03-07:42:46.643978 7fef76c9d1c0                Options.force_consistency_checks: 0
2021/06/03-07:42:46.643987 7fef76c9d1c0                Options.report_bg_io_stats: 0
2021/06/03-07:42:46.643989 7fef76c9d1c0                               Options.ttl: 2592000
2021/06/03-07:42:46.643990 7fef76c9d1c0          Options.periodic_compaction_seconds: 2592000
2021/06/03-07:42:46.644036 7fef76c9d1c0 [db/db_impl/db_impl.cc:2561] Created column family [CE] (ID 1)
2021/06/03-07:42:46.651696 7fef76c9d1c0 [db/column_family.cc:578] --------------- Options for column family [CES]:
2021/06/03-07:42:46.651705 7fef76c9d1c0               Options.comparator: leveldb.BytewiseComparator
2021/06/03-07:42:46.651706 7fef76c9d1c0           Options.merge_operator: None
2021/06/03-07:42:46.651709 7fef76c9d1c0        Options.compaction_filter: filter_outdated
2021/06/03-07:42:46.651710 7fef76c9d1c0        Options.compaction_filter_factory: None
2021/06/03-07:42:46.651711 7fef76c9d1c0  Options.sst_partitioner_factory: None
2021/06/03-07:42:46.651712 7fef76c9d1c0         Options.memtable_factory: SkipListFactory
2021/06/03-07:42:46.651713 7fef76c9d1c0            Options.table_factory: BlockBasedTable
2021/06/03-07:42:46.651733 7fef76c9d1c0            table_factory options:   flush_block_policy_factory: FlushBlockBySizePolicyFactory (0x7fef6aef9b08)
  cache_index_and_filter_blocks: 0
  cache_index_and_filter_blocks_with_high_priority: 1
  pin_l0_filter_and_index_blocks_in_cache: 0
  pin_top_level_index_and_filter: 1
  index_type: 0
  data_block_index_type: 0
  index_shortening: 1
  data_block_hash_table_util_ratio: 0.750000
  hash_index_allow_collision: 1
  checksum: 1
  no_block_cache: 0
  block_cache: 0x7fef7692db10
  block_cache_name: LRUCache
  block_cache_options:
    capacity : 8388608
    num_shard_bits : 4
    strict_capacity_limit : 0
    memory_allocator : None
    high_pri_pool_ratio: 0.000
  block_cache_compressed: (nil)
  persistent_cache: (nil)
  block_size: 4096
  block_size_deviation: 10
  block_restart_interval: 16
  index_block_restart_interval: 1
  metadata_block_size: 4096
  partition_filters: 0
  use_delta_encoding: 1
  filter_policy: nullptr
  whole_key_filtering: 1
  verify_compression: 0
  read_amp_bytes_per_bit: 0
  format_version: 4
  enable_index_compression: 1
  block_align: 0
2021/06/03-07:42:46.651743 7fef76c9d1c0        Options.write_buffer_size: 67108864
2021/06/03-07:42:46.651744 7fef76c9d1c0  Options.max_write_buffer_number: 2
2021/06/03-07:42:46.651745 7fef76c9d1c0          Options.compression: NoCompression
2021/06/03-07:42:46.651746 7fef76c9d1c0                  Options.bottommost_compression: Disabled
2021/06/03-07:42:46.651747 7fef76c9d1c0       Options.prefix_extractor: nullptr
2021/06/03-07:42:46.651748 7fef76c9d1c0   Options.memtable_insert_with_hint_prefix_extractor: nullptr
2021/06/03-07:42:46.651749 7fef76c9d1c0             Options.num_levels: 7
2021/06/03-07:42:46.651750 7fef76c9d1c0        Options.min_write_buffer_number_to_merge: 1
2021/06/03-07:42:46.651751 7fef76c9d1c0     Options.max_write_buffer_number_to_maintain: 0
2021/06/03-07:42:46.651752 7fef76c9d1c0     Options.max_write_buffer_size_to_maintain: 0
2021/06/03-07:42:46.651753 7fef76c9d1c0            Options.bottommost_compression_opts.window_bits: -14
2021/06/03-07:42:46.651754 7fef76c9d1c0                  Options.bottommost_compression_opts.level: 32767
2021/06/03-07:42:46.651755 7fef76c9d1c0               Options.bottommost_compression_opts.strategy: 0
2021/06/03-07:42:46.651755 7fef76c9d1c0         Options.bottommost_compression_opts.max_dict_bytes: 0
2021/06/03-07:42:46.651756 7fef76c9d1c0         Options.bottommost_compression_opts.zstd_max_train_bytes: 0
2021/06/03-07:42:46.651757 7fef76c9d1c0         Options.bottommost_compression_opts.parallel_threads: 1
2021/06/03-07:42:46.651758 7fef76c9d1c0                  Options.bottommost_compression_opts.enabled: false
2021/06/03-07:42:46.651759 7fef76c9d1c0            Options.compression_opts.window_bits: -14
2021/06/03-07:42:46.651760 7fef76c9d1c0                  Options.compression_opts.level: 32767
2021/06/03-07:42:46.651761 7fef76c9d1c0               Options.compression_opts.strategy: 0
2021/06/03-07:42:46.651762 7fef76c9d1c0         Options.compression_opts.max_dict_bytes: 0
2021/06/03-07:42:46.651762 7fef76c9d1c0         Options.compression_opts.zstd_max_train_bytes: 0
2021/06/03-07:42:46.651763 7fef76c9d1c0         Options.compression_opts.parallel_threads: 1
2021/06/03-07:42:46.651764 7fef76c9d1c0                  Options.compression_opts.enabled: false
2021/06/03-07:42:46.651775 7fef76c9d1c0      Options.level0_file_num_compaction_trigger: 4
2021/06/03-07:42:46.651776 7fef76c9d1c0          Options.level0_slowdown_writes_trigger: 20
2021/06/03-07:42:46.651777 7fef76c9d1c0              Options.level0_stop_writes_trigger: 36
2021/06/03-07:42:46.651778 7fef76c9d1c0                   Options.target_file_size_base: 67108864
2021/06/03-07:42:46.651778 7fef76c9d1c0             Options.target_file_size_multiplier: 1
2021/06/03-07:42:46.651779 7fef76c9d1c0                Options.max_bytes_for_level_base: 268435456
2021/06/03-07:42:46.651780 7fef76c9d1c0 Options.level_compaction_dynamic_level_bytes: 0
2021/06/03-07:42:46.651781 7fef76c9d1c0          Options.max_bytes_for_level_multiplier: 10.000000
2021/06/03-07:42:46.651783 7fef76c9d1c0 Options.max_bytes_for_level_multiplier_addtl[0]: 1
2021/06/03-07:42:46.651784 7fef76c9d1c0 Options.max_bytes_for_level_multiplier_addtl[1]: 1
2021/06/03-07:42:46.651785 7fef76c9d1c0 Options.max_bytes_for_level_multiplier_addtl[2]: 1
2021/06/03-07:42:46.651786 7fef76c9d1c0 Options.max_bytes_for_level_multiplier_addtl[3]: 1
2021/06/03-07:42:46.651786 7fef76c9d1c0 Options.max_bytes_for_level_multiplier_addtl[4]: 1
2021/06/03-07:42:46.651787 7fef76c9d1c0 Options.max_bytes_for_level_multiplier_addtl[5]: 1
2021/06/03-07:42:46.651788 7fef76c9d1c0 Options.max_bytes_for_level_multiplier_addtl[6]: 1
2021/06/03-07:42:46.651789 7fef76c9d1c0       Options.max_sequential_skip_in_iterations: 8
2021/06/03-07:42:46.651790 7fef76c9d1c0                    Options.max_compaction_bytes: 1677721600
2021/06/03-07:42:46.651791 7fef76c9d1c0                        Options.arena_block_size: 8388608
2021/06/03-07:42:46.651792 7fef76c9d1c0   Options.soft_pending_compaction_bytes_limit: 68719476736
2021/06/03-07:42:46.651792 7fef76c9d1c0   Options.hard_pending_compaction_bytes_limit: 274877906944
2021/06/03-07:42:46.651793 7fef76c9d1c0       Options.rate_limit_delay_max_milliseconds: 100
2021/06/03-07:42:46.651794 7fef76c9d1c0                Options.disable_auto_compactions: 1
2021/06/03-07:42:46.651795 7fef76c9d1c0                        Options.compaction_style: kCompactionStyleLevel
2021/06/03-07:42:46.651797 7fef76c9d1c0                          Options.compaction_pri: kMinOverlappingRatio
2021/06/03-07:42:46.651798 7fef76c9d1c0 Options.compaction_options_universal.size_ratio: 1
2021/06/03-07:42:46.651798 7fef76c9d1c0 Options.compaction_options_universal.min_merge_width: 2
2021/06/03-07:42:46.651799 7fef76c9d1c0 Options.compaction_options_universal.max_merge_width: 4294967295
2021/06/03-07:42:46.651800 7fef76c9d1c0 Options.compaction_options_universal.max_size_amplification_percent: 200
2021/06/03-07:42:46.651801 7fef76c9d1c0 Options.compaction_options_universal.compression_size_percent: -1
2021/06/03-07:42:46.651802 7fef76c9d1c0 Options.compaction_options_universal.stop_style: kCompactionStopStyleTotalSize
2021/06/03-07:42:46.651803 7fef76c9d1c0 Options.compaction_options_fifo.max_table_files_size: 1073741824
2021/06/03-07:42:46.651804 7fef76c9d1c0 Options.compaction_options_fifo.allow_compaction: 0
2021/06/03-07:42:46.651808 7fef76c9d1c0                   Options.table_properties_collectors: 
2021/06/03-07:42:46.651809 7fef76c9d1c0                   Options.inplace_update_support: 0
2021/06/03-07:42:46.651810 7fef76c9d1c0                 Options.inplace_update_num_locks: 10000
2021/06/03-07:42:46.651811 7fef76c9d1c0               Options.memtable_prefix_bloom_size_ratio: 0.000000
2021/06/03-07:42:46.651812 7fef76c9d1c0               Options.memtable_whole_key_filtering: 0
2021/06/03-07:42:46.651813 7fef76c9d1c0   Options.memtable_huge_page_size: 0
2021/06/03-07:42:46.651814 7fef76c9d1c0                           Options.bloom_locality: 0
2021/06/03-07:42:46.651815 7fef76c9d1c0                    Options.max_successive_merges: 0
2021/06/03-07:42:46.651816 7fef76c9d1c0                Options.optimize_filters_for_hits: 0
2021/06/03-07:42:46.651816 7fef76c9d1c0                Options.paranoid_file_checks: 0
2021/06/03-07:42:46.651817 7fef76c9d1c0                Options.force_consistency_checks: 0
2021/06/03-07:42:46.651822 7fef76c9d1c0                Options.report_bg_io_stats: 0
2021/06/03-07:42:46.651823 7fef76c9d1c0                               Options.ttl: 2592000
2021/06/03-07:42:46.651823 7fef76c9d1c0          Options.periodic_compaction_seconds: 2592000
2021/06/03-07:42:46.651856 7fef76c9d1c0 [db/db_impl/db_impl.cc:2561] Created column family [CES] (ID 2)
2021/06/03-07:42:46.664667 7fef76c9d1c0 [db/db_impl/db_impl_open.cc:1638] SstFileManager instance 0x7fef76916500
2021/06/03-07:42:46.664690 7fef76c9d1c0 DB pointer 0x7fef6af73000
2021/06/03-07:42:47.665533 7fef60ecd700 [db/db_impl/db_impl.cc:898] ------- DUMPING STATS -------
2021/06/03-07:42:47.665620 7fef60ecd700 [db/db_impl/db_impl.cc:900] 
** DB Stats **
Uptime(secs): 1.0 total, 1.0 interval
Cumulative writes: 0 writes, 0 keys, 0 commit groups, 0.0 writes per commit group, ingest: 0.00 GB, 0.00 MB/s
Cumulative WAL: 0 writes, 0 syncs, 0.00 writes per sync, written: 0.00 GB, 0.00 MB/s
Cumulative stall: 00:00:0.000 H:M:S, 0.0 percent
Interval writes: 0 writes, 0 keys, 0 commit groups, 0.0 writes per commit group, ingest: 0.00 MB, 0.00 MB/s
Interval WAL: 0 writes, 0 syncs, 0.00 writes per sync, written: 0.00 MB, 0.00 MB/s
Interval stall: 00:00:0.000 H:M:S, 0.0 percent

** Compaction Stats [default] **
Level    Files   Size     Score Read(GB)  Rn(GB) Rnp1(GB) Write(GB) Wnew(GB) Moved(GB) W-Amp Rd(MB/s) Wr(MB/s) Comp(sec) CompMergeCPU(sec) Comp(cnt) Avg(sec) KeyIn KeyDrop
----------------------------------------------------------------------------------------------------------------------------------------------------------------------------
 Sum      0/0    0.00 KB   0.0      0.0     0.0      0.0       0.0      0.0       0.0   0.0      0.0      0.0      0.00              0.00         0    0.000       0      0
 Int      0/0    0.00 KB   0.0      0.0     0.0      0.0       0.0      0.0       0.0   0.0      0.0      0.0      0.00              0.00         0    0.000       0      0

** Compaction Stats [default] **
Priority    Files   Size     Score Read(GB)  Rn(GB) Rnp1(GB) Write(GB) Wnew(GB) Moved(GB) W-Amp Rd(MB/s) Wr(MB/s) Comp(sec) CompMergeCPU(sec) Comp(cnt) Avg(sec) KeyIn KeyDrop
-------------------------------------------------------------------------------------------------------------------------------------------------------------------------------
Uptime(secs): 1.0 total, 1.0 interval
Flush(GB): cumulative 0.000, interval 0.000
AddFile(GB): cumulative 0.000, interval 0.000
AddFile(Total Files): cumulative 0, interval 0
AddFile(L0 Files): cumulative 0, interval 0
AddFile(Keys): cumulative 0, interval 0
Cumulative compaction: 0.00 GB write, 0.00 MB/s write, 0.00 GB read, 0.00 MB/s read, 0.0 seconds
Interval compaction: 0.00 GB write, 0.00 MB/s write, 0.00 GB read, 0.00 MB/s read, 0.0 seconds
Stalls(count): 0 level0_slowdown, 0 level0_slowdown_with_compaction, 0 level0_numfiles, 0 level0_numfiles_with_compaction, 0 stop for pending_compaction_bytes, 0 slowdown for pending_compaction_bytes, 0 memtable_compaction, 0 memtable_slowdown, interval 0 total count

** File Read Latency Histogram By Level [default] **

** Compaction Stats [CE] **
Level    Files   Size     Score Read(GB)  Rn(GB) Rnp1(GB) Write(GB) Wnew(GB) Moved(GB) W-Amp Rd(MB/s) Wr(MB/s) Comp(sec) CompMergeCPU(sec) Comp(cnt) Avg(sec) KeyIn KeyDrop
----------------------------------------------------------------------------------------------------------------------------------------------------------------------------
 Sum      0/0    0.00 KB   0.0      0.0     0.0      0.0       0.0      0.0       0.0   0.0      0.0      0.0      0.00              0.00         0    0.000       0      0
 Int      0/0    0.00 KB   0.0      0.0     0.0      0.0       0.0      0.0       0.0   0.0      0.0      0.0      0.00              0.00         0    0.000       0      0

** Compaction Stats [CE] **
Priority    Files   Size     Score Read(GB)  Rn(GB) Rnp1(GB) Write(GB) Wnew(GB) Moved(GB) W-Amp Rd(MB/s) Wr(MB/s) Comp(sec) CompMergeCPU(sec) Comp(cnt) Avg(sec) KeyIn KeyDrop
-------------------------------------------------------------------------------------------------------------------------------------------------------------------------------
Uptime(secs): 1.0 total, 1.0 interval
Flush(GB): cumulative 0.000, interval 0.000
AddFile(GB): cumulative 0.000, interval 0.000
AddFile(Total Files): cumulative 0, interval 0
AddFile(L0 Files): cumulative 0, interval 0
AddFile(Keys): cumulative 0, interval 0
Cumulative compaction: 0.00 GB write, 0.00 MB/s write, 0.00 GB read, 0.00 MB/s read, 0.0 seconds
Interval compaction: 0.00 GB write, 0.00 MB/s write, 0.00 GB read, 0.00 MB/s read, 0.0 seconds
Stalls(count): 0 level0_slowdown, 0 level0_slowdown_with_compaction, 0 level0_numfiles, 0 level0_numfiles_with_compaction, 0 stop for pending_compaction_bytes, 0 slowdown for pending_compaction_bytes, 0 memtable_compaction, 0 memtable_slowdown, interval 0 total count

** File Read Latency Histogram By Level [CE] **

** Compaction Stats [CES] **
